entropy : 10.526656
perplexity : 1475.160635
coverage : 0.895226
